% 15mm
omega = [199.022164837970;195.452174348785;192.347217843338;189.931593172416;187.703281728204;185.042849094096;181.316440516619;179.946450581884;175.839431738657;172.788289071356;170.739611537287;167.045214084864;164.267712645656;161.680781640977;157.887188097694;156.074784698912;153.098774807199;149.951068669242;148.148160758499;146.078066773732;143.566907795387;140.636687693460;138.443708128772;135.419207728076;132.650020727325;129.584644022969;125.793605167510;123.531837937269;121.121761500881;117.878726621006;114.733467298400;113.323122180647;109.728004416108;108.208026409207];
cos_theta = [0.364978549098861;0.364517200607983;0.363861550578502;0.363686305520140;0.358628763658547;0.361869640283611;0.359488104021967;0.359237760634640;0.358799449963594;0.358647107814088;0.356089222869853;0.354268984549518;0.353383932308206;0.352573716973597;0.347619393776594;0.344900683188945;0.344884765769548;0.341944386652100;0.339799242507084;0.336802940033893;0.337222292535555;0.334964853359310;0.330878182826910;0.328501335654693;0.325071327525896;0.321959238293635;0.318594017609803;0.315686921837162;0.310534715935813;0.307987203276463;0.303964102125093;0.300993100115430;0.299837699416948;0.296450291232099];

% 17mm
omega = [64.5207000000000;64.6023000000000;65.9065000000000;65.9065000000000;67.8136000000000;69.1952000000000;69.4792000000000;74.0317000000000;76.4871000000000;76.8873000000000;77.1602000000000;77.6411000000000;79.6302000000000;82.6259000000000;87.6985000000000;88.4853000000000;90.7725000000000;96.1407000000000;101.834500000000;102.052200000000;106.582500000000;110.514800000000];
cos_theta = [0.125200000000000;0.130100000000000;0.138100000000000;0.146700000000000;0.146700000000000;0.155600000000000;0.171100000000000;0.174100000000000;0.184900000000000;0.185300000000000;0.200000000000000;0.201900000000000;0.215700000000000;0.239400000000000;0.252100000000000;0.261900000000000;0.271100000000000;0.282600000000000;0.283300000000000;0.298800000000000;0.308700000000000;0.313500000000000];

% 14mm
omega = [63.0722000000000;63.1614000000000;63.9976000000000;64.0215000000000;64.8250000000000;65.7377000000000;66.9569000000000;67.8260000000000;68.0592000000000;68.9385000000000;69.9328000000000;70.9891000000000;71.3490000000000;71.8190000000000;73.4099000000000;75.3702000000000;75.6386000000000;75.9607000000000;76.8853000000000;77.0714000000000;78.8082000000000;80.8662000000000;81.3732000000000;82.0959000000000;82.4602000000000;82.6960000000000;86.4094000000000;87.3264000000000;88.6464000000000;90.0873000000000];
cos_theta = [0.0556000000000000;0.0563000000000000;0.0563000000000000;0.0585000000000000;0.0631000000000000;0.0675000000000000;0.0742000000000000;0.0815000000000000;0.0889000000000000;0.0972000000000000;0.103700000000000;0.111300000000000;0.119300000000000;0.126700000000000;0.134500000000000;0.143100000000000;0.149800000000000;0.156300000000000;0.164800000000000;0.171000000000000;0.175700000000000;0.185800000000000;0.191000000000000;0.195000000000000;0.198500000000000;0.202700000000000;0.208600000000000;0.212000000000000;0.219500000000000;0.228100000000000];

% 12mm
omega = [64.6489725039961;65.2261954727818;65.8138188554195;67.0214118619409;67.6419804902922;68.2741485322576;68.9182442731279;69.5746085043006;70.2435951245342;70.9255717762288;71.6209205191330;72.3300385440749;73.0533389295156;73.7912514439552;74.5442233974649;75.3127205458924;76.0972280515788;76.8982515047533;77.7163180101230;78.5519773435652;79.4058031842561;80.2783944280391;81.1703765883507;82.0824032915906;83.0151578744496;83.9693550913973;84.9457429412972;85.9451046229595;86.9682606303757;88.0160709994164;89.0894377189215;90.1893073203896;91.3166736618945;92.4725809234375;93.6581268327123;94.8744661422281;96.1228143809416;97.4044519060208;98.7207282831292;100.073067026734;101.462970735438;102.892026661290;104.361912756451;105.874404245675];
cos_theta = [0.0142341458516132;0.0204474371397971;0.0277906845649087;0.0350540835490592;0.0416273114793279;0.0475893137652716;0.0564149117493820;0.0650096315673487;0.0674417840182852;0.0767770647910703;0.0853690494869599;0.0932856487051388;0.0972073591018289;0.102306665449553;0.109294434089973;0.114035658714697;0.120455836448218;0.125855779822618;0.131998623708030;0.139566576572190;0.145061481581946;0.150664777784652;0.159301067079451;0.165145047399708;0.168873194970696;0.172234592721618;0.176972412170658;0.181886664990786;0.186045397955370;0.192183156567474;0.197307864506992;0.199635709681611;0.202640548208872;0.211548106515564;0.219045330271181;0.224781447184350;0.226792178429365;0.228850880815001;0.235788515430669;0.243100492784100;0.243207262859847;0.243669033686517;0.247699048856632;0.252342447163554];

% 18mm + 14mm
omega = [72.6262708508924;72.8020766566938;73.6906753818736;74.1847602549155;75.3498128581362;76.2736412626511;76.8437979783886;76.9038903944441;78.7374205203503;78.9516994490859;79.4627791167164;79.9659478833864;80.9138641460812;81.6171682219950;82.2218444969528;82.7338569465876;84.0208129170308;84.1847279502927;85.3909134254852;85.6113713771451;85.8747752465734;87.8661050531197;87.9647338299605;88.7395536708954;89.3385296284467;89.9751413722156;90.9654426744073;92.8075678513801;92.8075678547179;93.6221937461755;94.3464686570208;95.5045412234743];
cos_theta = [0.105883872485227;0.112271937266887;0.112964065437146;0.122347466832838;0.124151153792724;0.124943305882299;0.130706778957665;0.131671976262715;0.139706719016369;0.142232530786129;0.145861949333738;0.149055521368707;0.152088719866249;0.153355882815671;0.155287313731929;0.156052438447631;0.156660487807365;0.156718729008756;0.161290198274972;0.162956359727213;0.166320754807058;0.166621734491046;0.171722411070574;0.174033088427246;0.174482552206226;0.175051548106413;0.180586738485569;0.182095679134605;0.183699737755487;0.185712245092859;0.186508842138663;0.191358885367437];
